BubbleSort
10	19600	3800	5200	
100	342200	199600	370500	
1000	11545700	2950300	5832400	
10000	185550600	41013800	55503600	
SelectSort
10	23700	2500	2600	
100	156000	126500	128500	
1000	4729300	2645000	2734500	
10000	49217200	46572900	63024000	
InsercciónDirecta
10	32500	2000	3800	
100	140900	11200	172200	
1000	3151800	11800	3747100	
10000	63202900	25700	43164600	
MergeSort
10	48000	8800	8800	
100	225300	199100	209000	
1000	8648200	8774900	1430000	
10000	181996900	254931000	526175100	
QuickSort
10	28500	3200	3300	
100	35200	99100	121100	
1000	469800	2041500	1783800	
10000	1668700	87244200	48752700	
BusquedaLineal
10	36200	1700	1700	
100	4100	1200	5800	
1000	18600	1100	48700	
10000	345000	1300	485300	
BusquedaBinaria
10	8400	1700	1000	
100	1400	1100	1000	
1000	1200	2000	1100	
10000	1400	1900	1400	
